# BTCUSDT 1w  source=file-cache  n=112
# from=2024-06-10T00:00:00.000Z  to=2026-07-27T00:00:00.000Z
timestamp	date	open	high	low	close	volume
1717977600000	2024-06-10T00:00:00.000Z	69648.15	70195.94	65078	66676.87	174066.07718
1718582400000	2024-06-17T00:00:00.000Z	66676.86	67298.81	63178.32	63210.01	155589.33133
1719187200000	2024-06-24T00:00:00.000Z	63210.01	63369.8	58402	62772.01	177837.60164
1719792000000	2024-07-01T00:00:00.000Z	62772.01	63861.76	53485.93	55857.81	251967.61048
1720396800000	2024-07-08T00:00:00.000Z	55857.81	61420.69	54260.16	60797.91	190723.74928
1721001600000	2024-07-15T00:00:00.000Z	60797.91	68366.66	60632.3	68165.34	205198.52303
1721606400000	2024-07-22T00:00:00.000Z	68165.35	69399.99	63456.7	68249.88	177889.46168
1722211200000	2024-07-29T00:00:00.000Z	68249.88	70079.99	57122.77	58161	216238.9234
1722816000000	2024-08-05T00:00:00.000Z	58161	62745.14	49000	58712.59	370726.80645
1723420800000	2024-08-12T00:00:00.000Z	58712.59	61800	56078.54	58427.35	179945.24534
1724025600000	2024-08-19T00:00:00.000Z	58427.35	65000	57787.3	64220	169792.31289
1724630400000	2024-08-26T00:00:00.000Z	64219.99	64481	57201	57301.86	176518.33308
1725235200000	2024-09-02T00:00:00.000Z	57301.77	59809.65	52550	54869.95	196506.89846
1725840000000	2024-09-09T00:00:00.000Z	54869.95	60625	54591.96	59132	175833.33846
1726444800000	2024-09-16T00:00:00.000Z	59132	64133.32	57493.3	63578.76	178097.29669
1727049600000	2024-09-23T00:00:00.000Z	63578.76	66498	62538.75	65602.01	132963.29721
1727654400000	2024-09-30T00:00:00.000Z	65602.01	65618.8	59828.11	62819.91	169447.68762
1728259200000	2024-10-07T00:00:00.000Z	62819.91	64478.19	58946	62870.02	136109.36376
1728864000000	2024-10-14T00:00:00.000Z	62870.02	69400	62457.81	69031.99	185982.16665
1729468800000	2024-10-21T00:00:00.000Z	69032	69519.52	65260	68021.7	159069.27886
1730073600000	2024-10-28T00:00:00.000Z	68021.69	73620.12	67478.73	68775.99	209232.69647
1730678400000	2024-11-04T00:00:00.000Z	68775.99	81500	66835	80370.01	327445.15705
1731283200000	2024-11-11T00:00:00.000Z	80370.01	93265.64	80216.01	89855.99	417630.302334
1731888000000	2024-11-18T00:00:00.000Z	89855.98	99588.01	89376.9	97900.04	303784.771782
1732492800000	2024-11-25T00:00:00.000Z	97900.05	98871.8	90791.1	97185.18	237818.37314
1733097600000	2024-12-02T00:00:00.000Z	97185.17	104088	90500	101109.59	302152.735462
1733702400000	2024-12-09T00:00:00.000Z	101109.6	105250	94150.05	104463.99	230968.339905
1734307200000	2024-12-16T00:00:00.000Z	104463.99	108353	92232.54	95186.27	281544.242246
1734912000000	2024-12-23T00:00:00.000Z	95186.28	99963.7	92520	93738.2	140614.68725
1735516800000	2024-12-30T00:00:00.000Z	93738.19	98976.91	91530.45	98363.61	111914.7951
1736121600000	2025-01-06T00:00:00.000Z	98363.61	102724.38	91203.67	94545.06	172710.45967
1736726400000	2025-01-13T00:00:00.000Z	94545.07	106422.43	89256.69	101331.57	235685.9926
1737331200000	2025-01-20T00:00:00.000Z	101331.57	109588	99550	102620	254162.140922
1737936000000	2025-01-27T00:00:00.000Z	102620.01	106457.44	96150	97700.59	184203.26328
1738540800000	2025-02-03T00:00:00.000Z	97700.59	102500.01	91231	96462.75	221243.61368
1739145600000	2025-02-10T00:00:00.000Z	96462.75	98826	94088.23	96118.12	122007.40976
1739750400000	2025-02-17T00:00:00.000Z	96118.12	99475	93388.09	96258	127758.44873
1740355200000	2025-02-24T00:00:00.000Z	96258	96500	78258.52	94270	373604.39736
1740960000000	2025-03-03T00:00:00.000Z	94269.99	94416.46	80000	80734.37	284471.65101
1741564800000	2025-03-10T00:00:00.000Z	80734.48	85309.71	76606	82574.53	211663.09876
1742169600000	2025-03-17T00:00:00.000Z	82574.52	87453.67	81134.66	86082.5	110906.17448
1742774400000	2025-03-24T00:00:00.000Z	86082.5	88765.43	81565	82389.99	137009.32282
1743379200000	2025-03-31T00:00:00.000Z	82390	88500	77153.83	78430	178247.49297
1743984000000	2025-04-07T00:00:00.000Z	78430	86100	74508	83760	300064.17057
1744588800000	2025-04-14T00:00:00.000Z	83760	86496.42	83111.64	85179.24	108454.4036
1745193600000	2025-04-21T00:00:00.000Z	85179.24	95758.04	85144.76	93749.3	170625.92469
1745798400000	2025-04-28T00:00:00.000Z	93749.29	97895.68	92800.01	94277.62	113820.08215
1746403200000	2025-05-05T00:00:00.000Z	94277.61	104984.57	93377	104118	145910.00118
1747008000000	2025-05-12T00:00:00.000Z	104118	106660	100718.37	106454.26	135512.85987
1747612800000	2025-05-19T00:00:00.000Z	106454.27	111980	102000	109004.19	197357.632795
1748217600000	2025-05-26T00:00:00.000Z	109004.2	110718	103068.55	105642.93	116099.819
1748822400000	2025-06-02T00:00:00.000Z	105642.93	106794.67	100372.26	105734	95301.97979
1749427200000	2025-06-09T00:00:00.000Z	105734.01	110530.17	102664.31	105594.01	110085.74896
1750032000000	2025-06-16T00:00:00.000Z	105594.02	108952.38	98200	100963.87	110755.93156
1750636800000	2025-06-23T00:00:00.000Z	100963.87	108528.5	99613.33	108356.93	91938.97808
1751241600000	2025-06-30T00:00:00.000Z	108356.93	110529.18	105100.19	109203.84	72977.1763
1751846400000	2025-07-07T00:00:00.000Z	109203.85	119488	107429.57	119086.64	104658.05244
1752451200000	2025-07-14T00:00:00.000Z	119086.65	123218	115736.92	117265.12	131579.689337
1753056000000	2025-07-21T00:00:00.000Z	117265.11	120247.8	114723.16	119415.55	123158.43225
1753660800000	2025-07-28T00:00:00.000Z	119415.56	119800	111920	114208.8	105088.6224
1754265600000	2025-08-04T00:00:00.000Z	114208.81	119311.11	112650	119294.01	78822.4007
1754870400000	2025-08-11T00:00:00.000Z	119294.27	124474	116803.99	117405.01	120321.123656
1755475200000	2025-08-18T00:00:00.000Z	117405.01	117543.75	110680	113493.59	117920.88503
1756080000000	2025-08-25T00:00:00.000Z	113493.59	113667.28	107350.1	108246.35	110910.33675
1756684800000	2025-09-01T00:00:00.000Z	108246.36	113384.62	107255	111137.34	90809.75324
1757289600000	2025-09-08T00:00:00.000Z	111137.35	116665.63	110621.78	115268.01	88456.94711
1757894400000	2025-09-15T00:00:00.000Z	115268.01	117900	114384	115232.29	70729.4403
1758499200000	2025-09-22T00:00:00.000Z	115232.29	115379.25	108620.07	112163.95	93970.57704
1759104000000	2025-09-29T00:00:00.000Z	112163.96	125708.42	111560.65	123482.31	124480.098903
1759708800000	2025-10-06T00:00:00.000Z	123482.32	126199.63	102000	114958.8	211576.359223
1760313600000	2025-10-13T00:00:00.000Z	114958.81	115963.81	103528.23	108642.78	171795.75097
1760918400000	2025-10-20T00:00:00.000Z	108642.77	115466.8	106666.69	114559.4	137472.95078
1761523200000	2025-10-27T00:00:00.000Z	114559.41	116400	106304.34	110540.68	125045.90669
1762128000000	2025-11-03T00:00:00.000Z	110540.69	110750	98944.36	104722.96	199598.71888
1762732800000	2025-11-10T00:00:00.000Z	104722.95	107500	93005.55	94261.44	189823.3545
1763337600000	2025-11-17T00:00:00.000Z	94261.45	96043	80600	86830	257258.09768
1763942400000	2025-11-24T00:00:00.000Z	86830	93092	85272	90360	118687.98554
1764547200000	2025-12-01T00:00:00.000Z	90360.01	94150	83822.76	90395.31	149459.29022
1765152000000	2025-12-08T00:00:00.000Z	90395.32	94588.99	87577.36	88172.17	107997.17703
1765756800000	2025-12-15T00:00:00.000Z	88172.16	90365.85	84450.01	88658.86	116986.93155
1766361600000	2025-12-22T00:00:00.000Z	88658.87	90588.23	86420	87952.71	72081.43375
1766966400000	2025-12-29T00:00:00.000Z	87952.71	91810	86806.5	91529.73	85720.05743
1767571200000	2026-01-05T00:00:00.000Z	91529.74	94789.08	89311	91013.65	93800.8281
1768176000000	2026-01-12T00:00:00.000Z	91013.66	97924.49	90128.44	93673.14	106130.99963
1768780800000	2026-01-19T00:00:00.000Z	93673.14	93673.14	86074.72	86670.36	100317.13896
1769385600000	2026-01-26T00:00:00.000Z	86670.36	90600	75700	76968.21	175738.70675
1769990400000	2026-02-02T00:00:00.000Z	76968.22	79360	60000	70330.38	384283.11539
1770595200000	2026-02-09T00:00:00.000Z	70330.38	71453.53	65118	68832.58	163165.87355
1771200000000	2026-02-16T00:00:00.000Z	68832.59	70126.67	65631.83	67643.4	113599.38988
1771804800000	2026-02-23T00:00:00.000Z	67643.39	69988.83	62510.28	65776.47	174645.67528
1772409600000	2026-03-02T00:00:00.000Z	65776.48	74050	65259.21	65971.2	185435.28412
1773014400000	2026-03-09T00:00:00.000Z	65971.2	73913.74	65821.97	72815.24	173796.90567
1773619200000	2026-03-16T00:00:00.000Z	72815.25	76000	67360.66	67859	145050.61744
1774224000000	2026-03-23T00:00:00.000Z	67859	72026.09	65000	66010.93	137696.42185
1774828800000	2026-03-30T00:00:00.000Z	66010.93	69310	65712.12	69034.18	110218.58039
1775433600000	2026-04-06T00:00:00.000Z	69034.18	73790	67732.01	70740.98	121909.25954
1776038400000	2026-04-13T00:00:00.000Z	70741.56	78333	70566.99	73801.79	128729.92407
1776643200000	2026-04-20T00:00:00.000Z	73801.8	79472.82	73724.31	78657.55	94938.10789
1777248000000	2026-04-27T00:00:00.000Z	78657.55	79485.66	74937.52	78568.57	88811.52864
1777852800000	2026-05-04T00:00:00.000Z	78568.58	82850	78202	82210.07	113527.76932
1778457600000	2026-05-11T00:00:00.000Z	82210.07	82380	76735.16	77457.67	97802.77673
1779062400000	2026-05-18T00:00:00.000Z	77457.67	78200	74289.6	77064.96	87142.14908
1779667200000	2026-05-25T00:00:00.000Z	77064.96	78080	72512.49	73674.39	95966.20092
1780272000000	2026-06-01T00:00:00.000Z	73674.39	74092	59130.91	63332.01	231929.75118
1780876800000	2026-06-08T00:00:00.000Z	63332.01	65800	60755	65746.45	117630.09655
1781481600000	2026-06-15T00:00:00.000Z	65746.45	67292.15	62272.07	63311.99	100650.3003
1782086400000	2026-06-22T00:00:00.000Z	63312	65622.83	58115.01	59577.01	142608.31815
1782691200000	2026-06-29T00:00:00.000Z	59577.01	63999	57800.19	63650	118679.44915
1783296000000	2026-07-06T00:00:00.000Z	63650.01	64700	61306.84	63780	114288.20985
1783900800000	2026-07-13T00:00:00.000Z	63780	65600	61824.97	64722.54	114002.32883
1784505600000	2026-07-20T00:00:00.000Z	64722.55	66956.15	63100	65399.99	106332.24363
1785110400000	2026-07-27T00:00:00.000Z	65400	65744.6	62466	63005.52	81909.67749
